image: /home/hj/sentry_ros_24/map/201_front.pgm
resolution: 0.050000
origin: [-5.350000, -7.950000, 0]
negate: 0
occupied_thresh: 0.65
free_thresh: 0.196

