image: /home/hj/sentry_ros_24/map/test555.pgm
resolution: 0.050000
origin: [-14.650000, -15.900000, 0]
negate: 0
occupied_thresh: 0.65
free_thresh: 0.196

